[-1. -1. -1. -1.]
 [-1. -1. -1. -1.]
 [-1. -1. -1. -1.]
 [-1. -1. -1. -1.]]

[[-1.    -1.    -1.    -0.631]
 [-1.    -1.    -0.992  0.297]
 [-1.    -1.    -0.41   1.   ]
 [-1.    -0.683  0.825  1.   ]]

[[ 0.862 -0.167 -1.    -1.   ]
 [ 1.     0.307 -1.    -1.   ]
 [ 0.986 -0.565 -1.    -1.   ]
 [ 0.562 -1.    -1.    -1.   ]]
[[-1. -1. -1. -1.]
 [-1. -1. -1. -1.]
 [-1. -1. -1. -1.]
 [-1. -1. -1. -1.]]
[[-1.    -1.    -1.    -1.   ]
 [-1.    -1.    -1.    -1.   ]
 [-1.    -1.    -1.    -0.257]
 [-1.    -1.    -0.797  0.909]]
[[-0.938  0.54   1.     0.778]
 [ 0.1    1.     0.922 -0.439]
 [ 0.95   1.    -0.162 -1.   ]
 [ 1.     0.3   -0.961 -1.   ]]
[[-0.715 -1.    -1.    -1.   ]
 [-1.    -1.    -1.    -1.   ]
 [-1.    -1.    -0.987 -0.714]
 [-1.    -0.55   0.485  0.996]]
[[-1.    -1.    -1.    -1.   ]
 [-1.    -1.    -1.    -1.   ]
 [-0.832 -1.    -1.    -1.   ]
 [ 0.867  0.092 -1.    -1.   ]]
[[-1.    -1.     0.278  1.   ]
 [-1.    -0.95   0.847  1.   ]
 [-1.    -0.63   1.     1.   ]
 [-1.    -0.677  1.     1.   ]]
[[ 0.877 -0.824 -1.    -0.905]
 [ 0.327 -1.    -1.     0.355]
 [ 0.068 -0.925  0.113  0.96 ]
 [ 0.753  0.341  1.     0.707]]
[[ 0.145  0.977  1.     1.   ]
 [ 1.     0.655 -0.109 -0.185]
 [ 0.308 -0.884 -1.    -0.075]
 [-0.942 -1.    -1.     0.545]]
[[ 1.     0.99  -0.745 -1.   ]
 [ 1.     0.988 -0.723 -1.   ]
 [ 1.     0.641 -0.995 -1.   ]
 [ 1.     0.027 -1.    -1.   ]]
[[-1.    -0.903  0.792  1.   ]
 [-1.    -1.    -0.452  0.828]
 [-1.    -1.    -1.    -0.483]
 [-1.    -1.    -1.    -1.   ]]
[[ 1.     1.     1.     0.536]
 [ 1.     1.     1.     1.   ]
 [ 0.813  1.     1.     1.   ]
 [-0.974 -0.429  0.304  0.823]]
[[ 0.184  0.812  0.837  0.978]
 [ 1.     1.     1.     1.   ]
 [ 1.     1.     1.     0.219]
 [ 1.     0.482 -0.474 -0.991]]
[[ 0.864 -0.63  -1.    -1.   ]
 [ 0.135 -1.    -1.    -1.   ]
 [-0.943 -1.    -1.    -1.   ]
 [-1.    -1.    -1.    -1.   ]]